8528806200 12837 61017793 97762 8507420761 32019 82254049 227763 8490047891 42565 99466532 377604 8480227085 116959 108953092 637456 
8546173515 15805 43655833 89439 8530221050 29818 59481397 202327 8516630707 37325 72853467 413093 8497964719 65879 91331081 572913 
8563794538 16961 26079174 43919 8550671494 11592 39156995 94511 8537293247 24457 52386936 229952 8523918934 66758 65594553 354347 
8561109581 33741 28757464 33806 8545705632 86737 44026251 115972 8530302249 68792 59243261 320290 8512990678 141177 76300077 502660 
8557785391 14887 32097669 36645 8542401841 30015 47393199 109537 8529263577 58828 60421435 190752 8511038972 66606 78355880 473134 
8566823018 16234 23058412 36928 8551324136 14900 38483077 112479 8536643639 88709 52914550 287694 8520494431 118919 68914476 406766 
8524719791 14805 65093271 106725 8507543803 12096 81982985 395708 8493971616 14771 95470072 478133 8478252466 26835 111041662 613629 
8542930792 15458 46924895 63447 8528187833 15753 61599260 131746 8515088587 11420 74582588 251997 8505845007 38847 83644973 405765 
8553982516 19279 35883668 49129 8536365789 77220 53343791 147792 8521999959 51934 67667844 214855 8511353831 61643 78114027 405091 
8555523026 16165 34352777 42624 8539775453 10945 50038316 109878 8524116769 16687 65559379 241757 8508097707 16152 81405254 415479 
8249127567 24824 340130827 651374 8229463311 14789 359124473 1332019 8214048162 19494 373806327 2060609 8195003584 30130 392128077 2772801 
8533874095 12703 55967475 80319 8515884354 14797 73815410 220031 8503415601 25415 86056954 436622 8489846140 94598 99366520 627334 
8566891153 11964 22998651 32824 8550537248 12341 39303629 81374 8535370521 15497 54337808 210766 8520875832 19951 68798285 240524 
8551588779 16681 38276837 52295 8537529296 40980 52225543 138773 8524989142 62539 64635434 247477 8510992855 82478 78464949 394310 
8565593729 17715 24292887 30261 8551018009 66218 38793454 56911 8536187638 170863 53430951 145140 8520301009 215410 69151484 266689 
8558613151 10681 31269850 40910 8545005442 34978 44815151 79021 8533067454 91772 56605334 170032 8517603801 56619 72045376 228796 
8552363149 51661 37455006 64776 8533214287 51289 56522503 146513 8518780665 71427 70865255 217245 8502959333 86100 86540919 348240 
8563234852 14930 26659930 24880 8545634267 50287 44157928 92110 8529844927 89934 59793355 206376 8514483438 75903 74981522 393729 
8564085969 11612 25809009 28002 8550061138 17012 39761349 95093 8535380954 19839 54414318 119481 8518656952 22077 70988316 267247 
8557531852 15978 32294532 92230 8541094094 49543 48614310 176645 8525428570 80860 64114809 310353 8510024662 56306 79484962 368662 
8565352602 33993 24516147 31850 8549934164 68152 39828573 103703 8533261253 75507 56447105 150727 8517968352 118450 71457193 390597 
8563665441 20213 26210772 38166 8548140649 58046 41654017 81880 8533099831 71445 56573035 190281 8515983412 58289 73451710 441181 
8560336696 19813 29536328 41755 8545917385 17494 43864697 135016 8531000037 29276 58655802 249477 8514250117 30238 75276079 378158 
8558048032 15251 31817210 54099 8538986142 45971 50757102 145377 8525031282 70473 64621465 211372 8511070966 103669 78333656 426301 
8549900279 26156 39953999 54158 8531654116 56350 58104143 119983 8517810674 87140 71809352 227426 8504079652 104684 85391065 359191 
8558811951 21130 31055999 45512 8543147194 34870 46632507 120021 8526836114 35086 62846012 217380 8513241891 74102 76336988 281611 
8552694962 13313 37169291 57026 8534699102 22613 55050430 162447 8516666231 63243 72912196 292922 8503862307 61675 85549485 461125 
8552698251 11336 37177430 47575 8537794737 15634 51989162 135059 8522849998 36287 66781140 267167 8507355116 93889 82080326 405261 
8562943259 9225 26940900 41208 8548076901 11529 41784985 61177 8533342865 57744 56410606 123377 8517933715 40911 71718210 241756 
8556936409 12014 32934512 51657 8542019199 17391 47783446 114556 8525841652 10278 63877609 205053 8507951071 69971 81638968 274582 
8566043625 18541 23844595 27831 8550624790 23235 39204191 82376 8534334389 52118 55362769 185316 8518654226 24459 70977952 277955 
8566603430 10018 23295769 25375 8549132021 24836 40715050 62685 8533286190 25844 56452250 170308 8516926848 35381 72632338 340025 
8536234978 11662 53595965 91987 8522853278 29408 66816529 235377 8515552989 51914 74037095 292594 8506089530 143763 83218572 482727 
8545875750 11804 43978964 68074 8530760015 15067 59035281 124229 8515701926 24074 74007251 201341 8498587202 15538 90988396 343456 
8511714359 10143 78073676 136414 8498589656 23527 91111746 209663 8484759400 28470 104797276 349446 8471266282 19950 118018631 629729 
8560469374 13235 29420837 31146 8547649930 23937 42207184 53541 8535118155 40403 54610585 165449 8523792981 65207 65880343 196061 
8566503857 11597 23398721 20417 8552348287 26224 37496178 63903 8537236567 36902 52485682 175441 8521271210 22788 68301674 338920 
8562908472 11485 26957297 57338 8547842006 10225 41923342 159019 8530137699 10951 59479313 306629 8515160271 15230 74334879 424212 
8564721923 10464 25177948 24257 8550789051 11001 39040480 94060 8536838922 24100 52973298 98272 8524467206 60624 65198911 207851 
8558812832 43772 31044428 33560 8545644345 62427 44154312 73508 8530237204 135860 59396301 165227 8515110308 161855 74460129 202300 
8559473456 12659 30409204 39273 8543609814 19127 46229051 76600 8528723434 24278 61040816 146064 8516088075 20305 73639850 186362 
8565346542 18461 24512072 57517 8549753355 38709 40046797 95731 8530412980 13281 59336515 171816 8512602739 12834 76983525 335494 
8563545515 19462 26341321 28294 8549340827 22905 40479612 91248 8532871525 22064 56779236 261767 8515523532 34485 73989678 386897 
8537338745 12467 52464046 119334 8523562923 15517 66093424 262728 8510547829 20486 78981210 385067 8496265138 24521 92999740 645193 
8567901092 117743 21879822 35935 8552027980 143989 37698216 64407 8540455714 176394 49172933 129551 8524338712 200609 65127547 267724 
8534045013 13818 55790296 85465 8518474175 33019 71179806 247592 8505111291 43576 84396703 383022 8489864724 28799 99382894 658175 
8561142008 36952 28723495 32137 8545541983 49142 44240238 103229 8529808346 65957 59880265 180024 8515662054 135203 73809939 327396 
8563841786 29663 26016281 46862 8548318783 53634 41441252 120923 8533300782 75149 56438295 120366 8517351998 95929 72261911 224754 
8566392027 14810 23502072 25683 8551989088 13244 37848929 83331 8537268923 27034 52495724 142911 8520167263 38244 69438846 290239 
8560946526 15130 28944526 28410 8544958523 38481 44855950 81638 8528730878 42444 60985657 175613 8512503583 85776 77046207 299026 
8566202696 12733 23679384 39779 8551154545 16270 38660578 103199 8533507131 15981 56245800 165680 8517400185 13459 72184331 336617 
8551698127 24570 38158739 53156 8534062847 22972 55725479 123294 8518542505 38430 71077441 276216 8504012641 55533 85452289 414129 
8565352070 11974 24544774 25774 8549164708 13274 40707260 49350 8534140688 33399 55655283 105222 8518367152 106409 71176767 284264 
8564655036 13274 25241394 24888 8550463023 35257 39369667 66645 8535703138 12273 54028892 190289 8520708003 12538 68905755 308296 
8490041696 38562 99654826 199508 8470347995 101467 119028732 456398 8453240965 151815 135866412 675400 8436292152 125531 152596544 920365 
8552680607 13401 37198058 42526 8537754150 18154 52039243 123045 8522035154 19309 67642865 237264 8511224306 49230 78393417 267639 
8562852917 18009 27028047 35619 8549283943 31154 40527306 92189 8534437298 91736 55284222 121336 8523690773 95574 65963389 184856 
8291521639 20007 297714005 678941 8276508974 62501 312100730 1262387 8263535159 102319 324165210 2131904 8211334594 167441 375377789 3054768 
8534710465 22081 55120458 81588 8519165251 48771 70573938 146632 8503822132 41737 85698795 371928 8489035790 86412 100375447 436943 
8566958363 15430 22917765 43034 8551003929 21836 38805971 102856 8535897962 41107 53812614 182909 8520835177 73772 68758876 266767 
8564998901 13342 24893287 29062 8549893460 20139 39911817 109176 8532819871 34260 56854910 225551 8517418395 60520 72166774 288903 
8550459697 11609 39412676 50610 8534912995 23190 54868206 130201 8518534730 13715 71165971 220176 8503656267 71818 85801871 404636 
8558387284 13569 31448343 85396 8542796864 20553 46975996 141179 8528611884 20134 60972624 329950 8513195144 48853 76247348 443247 
8551432292 14368 38419242 68690 8536571392 14291 53210869 138040 8521177970 15850 68513318 227454 8505817573 12824 83694969 409226 
8567522261 24955 22358621 28755 8552389582 22230 37417062 105718 8536825232 30036 52946626 132698 8521556017 32790 68127620 218165 
8568111574 20973 21754323 47722 8552724224 13062 37091325 105981 8536717293 9944 53027244 180111 8521192973 20333 68354123 367163 
8555048615 11826 34828008 46143 8539338228 17856 50457842 120666 8526503301 46439 63129690 255162 8510121451 41849 79355891 415401 
8563966046 16394 25922984 29168 8547953407 39986 41844649 96550 8532438284 35298 57294175 166835 8518294924 24596 71343344 271728 
8564414079 15790 25477808 26915 8548364256 14655 41466541 89140 8533493231 19578 56250991 170792 8521744442 33790 67894577 261783 
8561669806 27921 28181402 55463 8543353533 27134 46462418 91507 8526035378 39139 63653216 206859 8509887786 50956 79641277 354573 
8568684462 18534 21211923 19673 8551825214 24248 38010704 74426 8535939924 14887 53780777 199004 8520782591 13860 68754101 384040 
8566021009 12557 23848407 52619 8551845784 14519 37956940 117349 8538371636 27819 51392020 143117 8523058994 40160 66540386 295052 
8559038990 18688 30830938 45976 8546323597 46984 43464069 99942 8531807714 44976 57839856 242046 8517642177 108367 71782239 401809 
8568584749 12613 21316943 20287 8553512544 69780 36296230 56038 8538359648 35896 51349358 189690 8525539761 16743 64048678 329410 
8563533640 19334 26352509 29109 8548029829 34059 41788908 81796 8535137655 78078 54577153 141706 8519030314 83649 70534516 286113 
8534613310 12816 55224006 84460 8519242053 13924 70549355 129260 8503908483 15193 85731972 278944 8487582397 17709 101919058 415428 
8563212880 18700 26653738 49274 8547576599 35476 42227991 94526 8532124065 22696 57657807 130024 8518126880 45301 71519926 242485 
8559407764 15598 30462923 48307 8541680708 22720 48152486 78678 8525927781 55682 63814314 136815 8506822724 73870 82748545 289453 
8563695190 12054 26199389 27959 8548430299 19691 41416624 67978 8529970421 10693 59786342 167136 8511936729 19782 77612527 365554 
8567158884 19390 22710965 45353 8552133805 57475 37664720 78592 8535492838 48278 54235012 158464 8521689331 98334 67969755 177172 
8547429302 15466 42426221 63603 8531703423 13491 58111879 105799 8517690354 71470 71995722 177046 8503677856 153395 85797305 306036 
8544736527 31299 45069590 97176 8531478345 33884 58229464 192899 8516675974 39520 72901084 318014 8500483435 59801 88878090 513266 
8394873043 15130 194698539 347880 8370323302 19498 218839090 752702 8358603706 28493 230146450 1155943 8347721205 39867 240462573 1710947 
8565887330 15072 24001690 30500 8550706982 52188 39083850 91572 8536992260 64927 52735152 142253 8526124382 86049 63493775 230386 
8566246976 10906 23594870 81840 8550468326 13401 39336896 115969 8536803522 19946 53009867 101257 8522624944 37816 67082977 188855 
8561248549 10758 28640368 34917 8545739304 14310 44097654 83324 8530433282 28225 59319349 153736 8514992665 44034 74684323 213570 
8558467306 11700 31402659 52927 8543491942 16253 46313332 113065 8528059432 36783 61692983 145394 8513723557 79748 75886626 244661 
8564737348 12093 25151224 33927 8551857524 11722 37980721 84625 8535054945 24745 54609888 245014 8514305550 45123 75255432 328487 
8562055958 38960 27806426 33248 8546770659 74076 42992796 97061 8532067233 106573 57599932 160854 8515419663 206411 74055169 253349 
8560161160 11706 29640299 121427 8545039821 10744 44734040 149987 8529883680 26315 59789542 235055 8514881071 78500 74642061 332960 
8555823602 17937 34046188 46865 8539472311 15134 50353994 93153 8525423043 42309 64311070 158170 8509480849 49197 80088277 316269 
8551096913 12211 38588502 236966 8535377852 45501 54209351 301888 8519333584 51981 70116946 432081 8502744652 51221 86632146 506573 
8562500815 9759 27381004 43014 8546453892 9699 43389864 81137 8525729799 18916 64020628 165249 8509485148 23034 80172414 253996 
8566444640 10717 23452952 26283 8551671748 14509 38177718 70617 8537212031 24456 52496606 201499 8525168697 46228 64447703 271964 
8549899547 11174 39964026 59845 8535643445 38936 54126764 125447 8519302404 26149 70451468 154571 8504986066 82650 84668132 197744 
8562773794 59745 27006197 94856 8545902419 55330 43862013 114830 8528431636 67473 61214523 220960 8509105088 86353 80423702 319449 
8560989308 12333 28883994 48957 8544232633 61773 45518017 122169 8529828022 40944 59816781 248845 8516325838 52576 73123119 433059 
8563495096 38246 26366640 34610 8548431713 74539 41341933 86407 8530976755 66467 58649017 242353 8517143863 173399 72250559 366771 
8558968901 98507 30825189 41995 8543927952 143726 45732028 130886 8527961067 168597 61652951 151977 8514076871 217868 75382235 257618 
8563021100 21399 26862501 29592 8549996969 35609 39800352 101662 8534472157 72135 55241753 148547 8516333457 65034 73178078 358023 
8557550749 28934 32299282 55627 8541870723 40847 47870651 152371 8525757527 92183 63787289 297593 8509453652 202449 79955413 323078 
8564660066 13666 25230675 30185 8548447347 27309 41357454 102482 8534266760 44725 55444330 178777 8518099546 90196 71489479 255371 
8552291192 31562 37505624 106214 8536273514 19271 53476748 165059 8521577461 37244 68036117 283770 8508679145 21730 80817431 416286 
8513486311 12666 76296592 139023 8497720168 36401 91950644 227379 8482353042 34163 107204495 342892 8468324461 53104 120976877 580150 
8561982943 44077 27877395 30177 8545232255 58881 44577026 66430 8529356774 54358 60313203 210257 8514244443 95416 75247284 347449 
8563235653 17775 26650955 30209 8546945578 23759 42893464 71791 8532975293 22198 56802986 134115 8517085477 34101 72558763 256251 
8560449861 16558 29385760 82413 8543776366 16533 45974944 166749 8528282822 16406 61309473 325891 8510211833 57719 79221207 443833 
8561043168 26995 28834777 29652 8545674763 51321 44081058 127450 8530019864 54863 59563687 296178 8513649540 95968 75762754 426330 
8566053498 32219 23828522 20353 8549406136 56296 40389590 82570 8535887286 52720 53746613 247973 8518222929 81238 71251673 378752 
8563901881 14581 25990960 27170 8548100952 18612 41709458 105570 8532654073 18553 57071258 190708 8517276162 58209 72269571 330650 
8566602939 28281 23267523 35849 8552242297 52999 37572644 66652 8535623075 62029 54134151 115337 8520307711 91953 69377754 157174 
8562829400 17266 27050427 37499 8548703028 17109 41110674 103781 8535058075 63024 54662516 150977 8517837382 57203 71714458 325549 
8562253496 21859 27624278 34959 8548042125 45596 41772741 74130 8528018574 42641 61712476 160901 8509671249 84249 79900530 278564 
8564936822 39727 24933013 25030 8552145390 69748 37624967 94487 8537261606 138226 52331858 202902 8524949313 152743 64538799 293737 
8566550980 21725 23337836 24051 8550205354 24219 39629945 75074 8536886457 21552 52884929 141654 8521497877 73077 68164370 199268 
8556905787 20478 32896931 111396 8542617879 25836 47168551 122326 8527465539 88790 62163416 216847 8512828523 78245 76747566 280258 
8565008270 13837 24875103 37382 8549639546 18918 40201034 75094 8532707888 57763 56970387 198554 8517404120 67283 72161805 301384 
8558421621 13258 31454356 45357 8543366873 50835 46412938 103946 8524664899 36069 65004457 229167 8513152263 84952 76305031 392346 
8563137674 20272 26740879 35767 8548028783 31754 41773555 100500 8533851598 47775 55869569 165650 8518894266 49765 70713914 276647 
8566764727 13226 23129302 27337 8551316727 45327 38513708 58830 8539038700 48926 50694050 152916 8523832402 47905 65856756 197529 
8566207666 13285 23687460 26181 8548263815 33535 41562262 74980 8530275115 40566 59514900 104011 8515480353 100071 74193968 160200 
8557926475 35983 31931000 41134 8545056145 52104 44709140 117203 8528601647 15985 61089654 227306 8511549701 19186 78018164 347541 
8565606878 20817 24274932 31965 8551049076 38046 38755218 92252 8535883607 55717 53889359 105909 8520322582 69003 69344291 198716 
8562012828 14059 27871736 35969 8547233894 16385 42619898 64415 8529673027 41815 60041568 178182 8511792607 71103 77774440 296442 
8547357613 12870 42506018 58091 8531355761 11497 58446865 120469 8516230208 26843 73427929 249612 8505242670 51855 84119857 520210 