"Mutations to mutants (GC1)" "Mutants (GC1)" "Mutations to Mutators (GC1)" "Mutators (GC1)" "Mutations to mutant mutators (GC1)" "Mutator_mutants (GC1)" "Mutations to mutants (GC2)" "Mutants (GC2)" "Mutations to Mutators (GC2)" "Mutators (GC2)" "Mutations to mutant mutators (GC2)" "Mutator_mutants (GC2)" "Mutations to mutants (GC3)" "Mutants (GC3)" "Mutations to Mutators (GC3)" "Mutators (GC3)" "Mutations to mutant mutators (GC3)" "Mutator_mutants (GC3)"
1269 24939 12354 136578 7 9 1274 16561 12445 259131 9 12 1218 82621 12575 321215 5 17
1209 11099 12311 94185 5 106 1248 8892 12123 229885 5 11 1195 28836 12221 271725 6 20
1215 7094 12506 134416 9 67 1274 9582 12454 215107 2 2 1270 9251 12630 262409 9 29
1258 18872 12479 149765 5 23 1216 70727 12333 270523 7 67 1221 58600 12276 383459 5 10
1231 7018 12377 233164 17 29 1223 13245 12315 280927 4 8 1228 11863 12482 326115 5 16
1217 7351 12367 98189 8 32 1292 13663 12465 172191 9 16 1230 11624 12386 353430 5 107
1227 42178 12324 121541 8 36 1253 12452 12372 163508 2 2 1220 8166 12390 277110 11 19
1250 21987 12266 120464 3 10 1204 28610 12499 274113 10 17 1216 52609 12516 310365 4 15
1294 10230 12495 128529 8 15 1236 27531 12402 195003 2 3 1157 18365 12569 289110 4 41
1205 8524 12260 120494 7 38 1304 35818 12411 174442 2 3 1202 31971 12593 309248 18 54
1172 8019 12473 117456 7 23 1252 12752 12245 201549 8 63 1268 109120 12479 410043 12 31
1273 34981 12573 371128 13 24 1180 31497 12696 477347 13 92 1265 41873 12359 596469 6 8
1244 9545 12403 158154 14 43 1272 17444 12258 299915 7 42 1212 26603 12405 476485 6 51
1237 11545 12182 119291 5 92 1242 32875 12434 229505 10 24 1279 28773 12517 395615 4 8
1218 11582 12330 139238 7 18 1256 29327 12471 213700 8 13 1289 51540 12502 277082 4 10
1302 9459 12497 138579 5 42 1227 31916 12416 170323 2 9 1204 48327 12413 310383 6 8
1230 9715 12527 169711 11 44 1274 34666 12275 359111 4 16 1266 128588 12462 381276 4 13
1292 33389 12265 171142 8 40 1215 37541 12333 337751 4 26 1298 64808 12399 441909 6 27
1212 10060 12355 112831 13 23 1239 30858 12203 290946 8 12 1290 63466 12254 280934 3 5
1252 8377 12408 146363 9 31 1289 12894 12232 261960 11 32 1248 34176 12374 376208 9 18
1172 8277 12293 117657 4 13 1219 8657 12346 246564 4 6 1286 29738 12421 400231 4 12
1259 9075 12439 124990 1 1 1261 6998 12483 284325 6 31 1275 10563 12165 347984 5 15
1314 15533 12437 174898 9 27 1264 30126 12577 409893 5 12 1230 16550 12382 646191 6 13
1240 9299 12405 107013 7 134 1227 33928 12295 209595 5 16 1155 67459 12521 403340 10 45
1243 10061 12447 115812 6 32 1244 16771 12469 261534 8 53 1249 28525 12350 317477 7 15
1212 8992 12445 121435 6 7 1294 8420 12375 309521 11 45 1272 20240 12621 413299 7 16
1186 16906 12324 107737 6 9 1206 19258 12453 295861 7 22 1209 8811 12619 347606 5 9
1190 13991 12304 122100 3 3 1241 15758 12343 215292 6 30 1257 46929 12542 347898 8 15
1282 8883 12196 135336 5 15 1243 7757 12224 209501 7 96 1219 17329 12231 303132 13 38
1232 16861 12234 500403 36 240 1260 27338 12387 520290 8 33 1229 62803 12327 565840 7 10
1210 9220 12389 159677 16 85 1228 9721 12378 277334 6 16 1227 10508 12347 458493 4 9
1225 12181 12240 156691 12 106 1264 12119 12382 221410 4 4 1249 8241 12515 227726 10 19
1221 9499 12421 187741 14 42 1275 20326 12354 283954 4 8 1242 32145 12525 338329 9 100
1147 7329 12421 102057 8 42 1227 14517 12471 154745 7 10 1218 61538 12214 314751 9 18
1238 7983 12223 172589 11 48 1246 9320 12359 270108 3 9 1225 29429 12219 317773 6 16
1250 10330 12570 104225 11 114 1214 7347 12355 189162 4 6 1227 10091 12386 348170 7 35
1290 8849 12254 174828 11 20 1231 15054 12502 344129 8 19 1254 27702 12281 457684 5 6
1287 11683 12232 206602 11 36 1260 11274 12512 286756 6 13 1257 9535 12320 334117 4 16
1252 10816 12488 131531 7 13 1250 33500 12352 269917 4 9 1246 41801 12431 380290 12 38
1241 37502 12393 133607 11 176 1188 59287 12454 258608 5 5 1275 91065 12552 461014 8 19
1185 303426 12218 131738 7 24 1254 369124 12376 276484 8 24 1247 383575 12509 264071 7 23
1252 9866 12307 179025 10 17 1233 9443 12478 233630 7 45 1249 10605 12313 338706 4 21527
1229 16539 12390 100323 7 13 1201 12317 12370 174769 9 17 1206 39174 12444 215029 4 9
1299 15682 12290 413898 24 64 1226 36158 12262 715639 9 25 1238 65485 12394 745723 4 67
1306 12689 12317 161775 16 57 1195 22921 12462 219604 7 34 1237 40773 12425 398684 5 36
1254 17937 12443 142231 10 19 1284 29881 12378 339498 6 14 1249 25002 12241 459635 10 30
1247 10531 12448 310852 20 86 1228 7440 12616 328632 9 40 1214 9143 12470 403803 6 48
1209 6730 12527 111779 10 40 1282 50034 12309 187446 13 260 1184 70572 12412 323373 5 11
1252 13810 12466 97197 5 6 1237 17202 12454 276216 5 6 1225 24906 12422 422087 7 47
1225 16219 12557 265100 21 58 1235 14084 12381 341763 11 24 1270 20556 12269 498846 5 12
1250 9798 12355 173500 11 19 1269 9280 12405 226466 8 26 1245 10286 12339 361756 8 21
1325 13923 12236 100870 7 12 1245 8252 12450 212333 7 12 1236 6325 12174 440921 9 17
1235 8298 12422 122340 11 43 1231 36054 12441 254177 5 9 1190 41331 12223 466100 6 72
1243 9230 12588 155060 11 53 1222 16230 12690 283475 9 42 1236 17964 12296 378233 9 26
1238 7594 12584 146230 4 10 1226 19172 12309 239002 8 17 1242 69103 12286 303411 8 13
1271 10193 12442 99639 5 6 1240 8721 12313 234269 4 19 1253 9292 12357 240412 6 34
1248 164764 12406 114045 10 28 1262 185593 12298 167031 7 8 1229 310068 12363 267203 7 9
1254 8938 12336 171855 13 57 1228 30815 12469 326043 6 13 1288 46271 12437 462523 9 15
1173 15131 12210 109923 4 4 1228 21938 12422 234155 8 43 1301 35431 12443 391879 5 33
1215 6715 12284 182507 14 30 1188 24969 12472 260542 7 12 1217 37045 12402 310704 4 7
1325 9990 12384 117420 5 9 1233 7416 12476 206840 9 16 1316 13342 12501 376937 3 7
1274 30345 12583 101832 5 55 1254 68823 12367 162057 6 16 1224 57187 12355 267364 5 18
1196 15122 12642 98921 1 1 1278 26889 12484 210362 12 25 1272 41202 12466 346277 2 3
1223 9984 12371 302154 27 182 1194 24805 12177 347909 7 10 1209 7298 12357 398730 3 23
1224 17179 12330 104880 8 33 1182 57216 12188 276858 9 30 1221 36073 12615 493996 4 19
1232 20755 12313 115117 6 12 1256 9721 12471 227603 10 35 1216 13751 12513 271629 4 13
1183 9144 12444 96550 5 9 1277 54239 12198 208197 11 32 1186 66200 12365 228144 10 19
1210 36111 12373 111229 6 18 1222 72729 12361 237748 8 21 1303 38805 12336 370502 8 13
1311 9790 12323 148920 9 16 1183 5783 12339 154810 5 11 1215 9505 12652 280087 9 33
1211 19723 12487 173842 10 56 1195 17403 12568 333602 5 18 1276 9615 12273 467008 4 12
1226 14051 12295 115423 10 20 1284 22153 12320 239954 6 8 1212 10058 12443 378688 12 29
1270 8486 12397 110046 6 41 1236 31212 12558 269097 7 23 1278 124301 12289 373608 7 15
1168 8154 12394 158836 20 107 1216 10543 12424 281324 4 10 1257 33136 12464 338881 5 14
1229 11177 12387 104018 4 18 1186 18703 12300 229893 10 23 1320 9421 12474 338447 5 20
1223 80477 12365 114012 7 20 1221 105137 12309 296827 6 28 1273 80511 12321 343062 8 12
1194 8652 12363 105804 3 13 1212 35244 12421 162859 7 79 1259 27037 12286 343562 12 73
1239 7839 12305 129889 13 28 1248 26921 12450 179633 5 7 1305 25926 12501 243124 8 15
1192 7080 12282 143985 8 16 1196 8124 12479 322518 5 12 1297 29481 12519 352629 8 16
1241 9808 12539 176773 12 17 1208 11032 12375 265619 4 10 1235 9839 12502 247583 7 35
1246 8555 12494 100102 6 20 1232 8165 12329 193220 11 49 1210 38086 12615 252427 6 7
1204 7671 12362 138956 5 9 1201 10163 12506 307581 10 18 1274 21754 12170 416842 8 8
1198 10914 12263 181514 17 365 1215 17053 12433 333204 3 7 1222 34617 12548 462101 7 16
1249 11616 12416 103215 9 29 1241 55444 12424 164056 9 161 1226 68909 12048 307451 11 18
1216 14432 12380 99163 8 12 1248 32859 12363 169356 4 11 1238 67080 12396 287372 4 16
1223 8794 12471 114280 11 66 1264 12141 12173 240667 15 68 1210 20889 12527 513230 8 31
1234 6909 12326 113369 5 8 1250 15038 12493 197897 6 23 1255 12597 12492 284479 3 186
1243 8041 12320 126433 9 19 1211 41392 12585 181883 4 8 1277 61439 12364 360848 2 2
1238 9210 12110 264246 21 58 1297 39099 12460 419241 3 3 1261 57174 12403 459195 7 26
1288 117987 12330 116934 10 37 1269 79986 12424 267465 11 52 1223 89706 12496 335898 7 21
1260 77686 12437 359670 28 46 1273 91037 12421 340952 8 24 1246 51944 12399 341889 5 6
1266 42487 12320 138760 9 33 1256 65340 12350 250394 4 4 1276 70491 12416 431473 12 62
1303 13480 12352 106347 6 17 1235 14271 12298 221682 7 12 1263 14138 12289 347733 5 248
1258 13580 12075 252591 15 37 1294 17610 12255 358329 7 22 1228 15238 12480 406306 7 40
1169 7294 12433 115954 7 31 1200 12964 12325 261286 7 41 1230 58814 12424 329999 5 12
1241 11103 12349 131123 8 20 1332 34113 12444 276918 5 12 1267 50030 12371 353371 6 7
1201 32922 12377 143306 13 89 1183 20472 12152 268363 7 38 1251 19130 12354 318054 8 30
1288 8396 12548 123962 8 15 1176 12907 12444 307675 8 67 1251 10870 12237 232563 6 9
1212 7521 12369 106139 6 58 1258 11686 12385 230583 3 6 1225 16206 12364 348264 6 13
1233 10917 12271 296292 18 35 1212 66213 12258 368333 7 12 1233 133236 12338 443359 6 10
1210 10403 12313 133329 8 10 1233 14780 12350 245553 4 25 1203 29106 12509 387385 3 7
1233 9798 12473 161320 6 21 1180 29273 12437 323541 5 216 1232 61296 12387 383997 7 11
1207 8695 12346 110151 5 7 1184 23485 12503 270633 8 22 1261 54518 12373 367152 3 5
1301 7887 12379 149145 11 31 1258 12242 12560 251980 5 5 1262 20399 12313 398270 2 4
1333 9712 12373 205506 14 19 1241 20626 12409 291914 3 13 1178 10075 12369 356797 8 26
1293 11548 12368 126954 6 17 1281 11205 12250 229264 1 1 1271 17546 12369 334969 8 15
1297 16334 12179 153125 4 139 1208 11060 12363 284012 6 6 1191 18016 12420 476259 6 18
1200 10242 12335 156028 12 32 1240 19521 12318 258552 9 30 1229 21480 12328 362003 9 12
1224 11362 12513 167940 11 55 1212 35323 12586 230369 10 27 1282 98505 12452 370577 7 14
1246 11036 12327 136304 8 20 1152 37587 12314 221811 4 34 1262 38382 12250 326824 11 178
1191 29247 12469 209769 19 49 1240 88015 12322 346847 7 28 1215 135547 12493 355191 9 25
1288 33007 12341 108116 9 23 1257 11165 12369 198379 2 2 1220 12140 12416 426346 6 11
1303 8868 12346 126924 5 6 1244 40948 12358 211815 6 31 1270 29042 12420 288673 8 32
1264 9237 12369 124420 9 44 1209 21571 12409 263472 6 18 1219 14462 12560 312542 7 19
1249 7175 12639 139351 11 60 1175 24642 12576 284800 11 108 1250 47208 12425 323989 1 3
1248 9797 12523 146715 5 6 1273 15972 12405 412322 5 22 1258 23027 12532 491703 10 33
1265 10977 12203 107599 8 21 1183 17227 12372 217129 14 129 1321 22144 12300 334008 8 9
1276 10463 12253 1443715 103 377 1189 18616 12336 1492733 9 13 1287 13869 12554 1600782 3 5
1273 27356 12410 115416 10 159 1228 32968 12396 228305 8 59 1242 25431 12242 440682 7 15
1214 13153 12364 184201 15 24 1207 11508 12524 332331 3 3 1252 10833 12148 377455 4 12
1248 10032 12514 126992 1 1 1227 23335 12160 164427 3 8 1197 27455 12391 279384 9 15
1223 9520 12306 206104 13 148 1257 8861 12210 306416 3 4 1238 9900 12411 343218 6 31
1166 6454 12424 109683 7 36 1197 15703 12358 240691 9 107 1189 20975 12410 476904 4 25
1267 8684 12306 319226 14 27 1257 28411 12396 388223 7 29 1281 54699 12580 420997 8 69
1228 9095 12429 145915 8 43 1236 76432 12246 210846 3 3 1187 122767 12471 282552 4 9
1209 9217 12337 93906 4 17 1277 12952 12469 170552 13 44 1248 9945 12132 329914 6 13
1274 8551 12341 201532 15 100 1231 33055 12555 456437 4 31 1260 82806 12212 517288 4 19
1238 7408 12336 102348 5 53 1210 10200 12365 185394 15 46 1261 9978 12162 400364 3 8
1284 8711 12486 118198 7 10 1209 9208 12452 273628 8 40 1164 58050 12579 332763 3 6
1243 114393 12208 96778 6 18 1296 96200 12438 258251 8 23 1275 141784 12372 431582 6 9
1277 10954 12539 132873 7 22 1164 8977 12206 185492 5 14 1250 14221 12443 397975 7 48
1197 10107 12301 152702 7 18 1260 8845 12291 269051 9 41 1228 28244 12351 454127 4 10
1180 8707 12452 117732 5 36 1218 21688 12421 283186 4 12 1206 42829 12362 342793 12 19
1183 12507 12536 194977 13 21 1258 22919 12525 332851 9 36 1253 52731 12372 461755 3 4
1242 21305 12569 99300 4 14 1248 25947 12432 235134 7 43 1210 37566 12342 230398 10 26
1317 52644 12712 137305 8 36 1253 23920 12298 297552 5 15 1266 17182 12330 349134 6 19
1232 13182 12283 5575779 351 5194 1258 15073 12421 5648888 10 48 1209 10974 12394 6264028 10 94
1198 6470 12501 135580 10 18 1237 6327 12105 317391 7 34 1259 11387 12198 403670 10 34
1266 13042 12323 152335 10 56 1238 10877 12212 332761 6 9 1254 10030 12405 446161 9 37
1277 15180 12409 157825 13 171 1240 8633 12427 329883 8 24264 1251 10166 12374 447518 7 36928
1235 7604 12254 90479 4 8 1268 14397 12293 146640 4 10 1228 26967 12383 195258 8 19
1251 13902 12373 213855 10 75 1238 83178 12449 395060 9 34 1241 111184 12332 582960 6 26
1223 6492 12572 138698 4 5 1211 20592 12304 211787 9 71 1266 13983 12525 315256 5 6
1267 10924 12346 118728 5 16 1262 8547 12400 228527 7 27 1228 11189 12446 276825 9 23
1221 6412 12308 203323 17 117 1260 10539 12323 295488 11 29 1226 34916 12428 466980 9 45
1257 14564 12384 198003 8 55 1194 25708 12314 299104 10 114 1245 37532 12489 329259 5 7
1252 9205 12509 101830 5 39 1273 10301 12444 192732 4 15 1248 7013 12339 283683 6 6
1243 10443 12331 201413 16 42 1239 7811 12403 362986 6 19 1225 8542 12392 496707 7 27
1284 10370 12490 141398 7 10 1148 25425 12341 276415 6 12 1189 27357 12407 496878 9 24
1245 9830 12445 354452 27 293 1268 7645 12312 414559 8 26 1282 18548 12384 440353 2 3
1258 13609 12439 109925 6 12 1255 11515 12483 213155 9 31 1259 20140 12564 265430 6 19
