"Mutations_to_mutants_GC_1" "Mutants_GC_1" "Mutations_to_mutators_GC_1" "Mutators_GC_1" "Mutations_to_mutant_mutators_GC_1" "Mutant_mutators_GC_1" "Mutations_to_mutants_GC_2" "Mutants_GC_2" "Mutations_to_mutators_GC_2" "Mutators_GC_2" "Mutations_to_mutant_mutators_GC_2" "Mutant_mutators_GC_2" "Mutations_to_mutants_GC_3" "Mutants_GC_3" "Mutations_to_mutators_GC_3" "Mutators_GC_3" "Mutations_to_mutant_mutators_GC_3" "Mutant_mutators_GC_3"
385 2177 12375 107424 0 0 409 2538 12311 300002 2 2 381 4815 12501 461544 3 3
423 17878 12391 180656 2 13 377 7262 12427 343423 1 2 394 19044 12430 486223 1 1
404 4057 12492 132844 1 2 359 9225 12318 294165 0 0 437 7652 12390 312747 1 1
397 2603 12265 6481187 100 315 409 10759 12456 6714300 1 13 391 30366 12445 6980334 2 2
382 2296 12433 141157 3 70 389 6709 12129 255242 0 0 369 1759 12503 362061 1 1
360 2502 12363 116321 1 1 376 2472 12450 217346 1 1 373 2970 12232 254493 3 10
390 1788 12426 119927 0 0 406 2502 12426 305773 0 0 365 1742 12359 470881 1 2
363 2094 12192 116287 1 2 364 6357 12475 255960 0 0 400 2060 12706 457053 0 0
362 1794 12454 102367 1 2 390 2620 12306 251716 2 5 419 6370 12471 411569 4 14
423 2878 12372 222931 4 8 424 4587 12222 430989 0 0 380 2099 12314 591828 1 1
396 1921 12390 137895 4 21 384 5012 12393 260267 1 1 376 1846 12053 412950 3 4
416 3416 12308 119912 0 0 380 2632 12636 248722 3 3 384 6509 12399 371081 1 5
421 4048 12149 134995 3 3 387 2197 12384 216271 1 1 403 5670 12318 296046 2 4
353 1350 12583 376546 2 5 377 2189 12364 489446 1 1 401 3136 12383 764862 0 0
403 1963 12516 127422 1 2 376 2211 12355 240170 2 2 366 2059 12430 293764 2 2
361 2625 12424 107657 2 53 416 3061 12146 300675 4 37 364 6041 12090 534327 2 4
412 2370 12773 103983 2 3 388 2456 12576 255074 3 15 402 1766 12160 387997 1 1
402 2739 12506 375955 6 62 402 13236 12592 662275 0 0 388 10360 12465 897767 0 0
419 5768 12352 137985 3 101 401 2627 12447 287605 0 0 405 2367 12462 543266 3 6
405 2179 12268 114486 1 23 406 2071 12406 146918 0 0 362 2391 12295 215216 5 21
403 2177 12379 215473 3 7 434 39511 12231 270511 3 6 397 87195 12498 521807 1 1
389 3351 12447 130595 1 4 411 3224 12373 236613 1 3 410 3393 12218 437188 1 2
375 2611 12414 149611 0 0 388 8156 12503 192953 1 3 406 2426 12296 438455 2 6
345 4243 12296 418474 6 11 416 3738 12133 563682 1 4 388 3360 12365 649934 0 0
394 2092 12331 160532 1 14 376 1843 12386 216126 1 1 339 1962 12673 331227 1 1
422 2484 12464 125932 2 2 353 5380 12371 243436 2 5 400 3234 12285 474735 2 2
395 20143 12416 296291 5 8 362 35487 12515 430978 0 0 400 61514 12213 621152 2 8
377 2488 12419 113619 3 4 426 3249 12617 262132 2 16 391 18213 12322 461258 0 0
419 3520 12293 93052 0 0 405 9321 12466 225667 1 2 400 2711 12403 333705 1 1
367 4043 12391 131242 2 3 385 3129 12447 170518 2 11 396 3274 12417 207609 0 0
402 14014 12477 414184 7 71 364 1826 12388 439623 0 0 398 3632 12749 510300 0 0
394 2243 12525 148616 2 96 398 16035 12446 217503 0 0 400 67981 12551 244698 4 17
359 2524 12546 161359 0 0 377 9452 12469 338440 1 30 397 8312 12394 556849 2 4
361 2778 12247 237679 1 1 415 14345 12329 364269 3 8 400 5310 12488 417274 1 1
352 2394 12420 256007 2 2 403 2922 12394 306763 0 0 404 2567 12416 417719 3 44
422 1811 12402 107769 4 13 415 5901 12231 210153 2 17 427 2646 12473 365246 2 14
383 2114 12573 118437 4 19 409 1765 12556 213889 1 2 361 2703 12351 277832 0 0
369 3922 12467 242907 2 4 420 2101 12415 484437 1 1 418 3989 12429 569797 1 1
424 1845 12602 271202 4 7 382 3154 12394 412024 0 0 384 2544 12520 591189 3 10
407 13565 12302 256469 3 46 399 3526 12292 336564 1 29 395 2985 12442 396740 1 1
383 6999 12589 138107 0 0 407 23688 12469 193565 1 2 407 3777 12379 365605 3 14
408 2405 12432 227159 5 20 394 2838 12317 482061 1 7 371 2313 12561 650057 1 1
388 2537 12323 941739 5 20 435 2654 12276 610770 1 1 439 9490 12590 641607 0 0
380 2642 12372 256568 1 2 355 2008 12443 383017 2 3 378 6466 12227 485254 1 8
389 3465 12526 131846 3 111 409 3257 12415 314995 0 0 410 2309 12544 404871 1 2
381 4655 12573 108119 0 0 362 2971 12334 250061 1 1 390 4358 12340 375852 3 35
430 3396 12403 106160 2 3 399 28873 12211 190842 1 1 375 6914 12471 338353 1 1
377 3594 12552 102337 1 1 383 18920 12399 208797 1 5 382 53161 12367 327951 2 4
415 3449 12223 150251 2 4 409 2313 12411 196837 0 0 410 2866 12413 391355 1 1
366 2752 12464 110298 3 8 414 2554 12361 193540 2 3 395 7664 12519 310684 2 5
395 1770 12223 142910 1 1 395 2098 12486 256986 0 0 406 26804 12533 417666 2 2
432 5229 12266 101640 1 4 373 3300 12297 182127 1 3 417 7638 12428 253047 2 13
405 4148 12486 153218 2 3 369 1783 12454 307929 3 5 395 5982 12512 695341 3 169
343 2069 12478 128784 4 5 370 2173 12515 203951 2 5 370 2409 12266 352108 1 1
342 2347 12345 143599 5 8 418 4690 12342 270190 0 0 405 35097 12432 460471 0 0
383 2025 12369 1188484 21 35 413 63338 12459 1112663 1 315 394 26647 12099 1344528 1 5
368 3842 12446 131015 2 2 396 16811 12567 294792 3 10 403 37213 12456 483956 1 1
398 1910 12375 144827 1 1 392 2665 12443 289299 1 1 402 2387 12471 358186 0 0
385 2862 12322 112167 2 8 377 8579 12412 362712 2 2 367 2758 12344 593311 0 0
395 9896 12506 151902 0 0 386 10335 12426 328350 1 1 420 22051 12480 517279 0 0
389 2481 12461 238011 3 9 361 5256 12388 311072 2 12 406 12170 12423 377836 1 61
395 2821 12385 170234 3 30 350 2467 12237 257543 3 5 352 11640 12528 484763 0 0
397 2453 12234 122322 1 20 408 26206 12470 183944 0 0 382 3239 12531 278198 1 3
395 2681 12369 103573 0 0 404 10664 12218 196482 0 0 369 4015 12492 200213 1 1
393 3998 12388 243021 7 13 395 2437 12284 453817 2 3 370 5260 12325 644524 0 0
385 2340 12551 112757 0 0 399 1967 12324 219986 2 6 423 2937 12471 383738 2 4
427 3154 12388 165961 1 1 386 19152 12292 213946 1 1 406 22626 12353 238983 0 0
388 3211 12484 115007 0 0 381 3030 12623 247166 0 0 382 2859 12365 289805 0 0
381 13104 12520 146942 1 2 392 22164 12444 224736 2 2 375 8348 12337 280689 1 1
413 10282 12504 95805 1 1 363 43167 12470 123244 0 0 408 17331 12411 182659 2 7
376 2342 12290 172498 5 7 381 2801 12228 274253 4 13 381 14136 12305 289035 2 22
378 2761 12368 107988 1 2 391 2401 12612 348852 0 0 393 3233 12423 444731 0 0
388 3690 12418 99936 1 3 369 11231 12461 217705 2 2 402 5805 12435 394136 3 3
399 1913 12394 160365 0 0 395 2362 12457 344127 1 1 342 2344 12332 436751 0 0
380 1548 12487 160962 1 10 402 2399 12367 184575 1 6 402 3522 12220 394244 1 3
421 3268 12561 136087 1 4 381 3223 12278 302809 1 78 391 3479 12387 361940 2 6
390 11501 12580 150628 0 0 395 2428 12419 290340 0 0 371 2248 12199 486711 0 0
439 4706 12194 136189 2 2 399 5196 12297 282702 2 3 391 2541 12457 303400 1 1
394 1971 12508 136271 4 12 386 4062 12369 180550 1 1 390 6420 12449 282688 0 0
419 2417 12358 134518 2 7 356 9665 12321 219293 0 0 384 13214 12234 320980 1 1
398 2023 12304 204192 6 10 386 16631 12463 296674 1 1 410 18837 12552 384143 2 10
393 3287 12530 202328 2 2 397 1749 12256 190978 0 0 402 2773 12384 425617 2 9
400 2081 12475 112726 2 8 398 3348 12283 229981 0 0 399 3119 12279 317363 0 0
417 3493 12418 123466 0 0 400 11918 12383 328729 1 1 409 1936 12474 566061 1 1
389 2360 12346 204022 1 1 389 3249 12351 235933 2 4 408 2341 12660 267789 1 1
403 2488 12333 275856 4 7 377 11363 12401 337458 4 34 413 36619 12354 554056 2 8
396 2357 12345 122638 1 1 390 2750 12245 231968 2 3 360 20585 12292 346095 2 2
354 2256 12215 101959 1 5 401 1812 12351 312477 2 3 395 4010 12357 455171 2 4
405 6980 12340 99345 2 2 372 2900 12165 238348 3 5 398 13347 12368 534855 3 11
391 3618 12348 187207 3 5 373 1813 12442 343875 2 2 362 5819 12399 352600 1 5
405 3907 12163 146312 2 2 398 30099 12159 230813 0 0 373 64156 12370 395163 0 0
395 50391 12502 121301 1 1 394 101031 12326 291986 1 1 403 37084 12460 361280 1 1
393 3567 12064 99107 0 0 392 3668 12413 145883 1 2 374 3031 12320 372518 4 459
385 2084 12484 100071 1 1 401 2400 12388 222445 0 0 384 7313 12255 422749 1 1
405 2321 12564 192486 1 1 386 2482 12296 251291 2 4 376 2652 12175 292698 0 0
375 2023 12264 229272 0 0 381 6336 12306 363969 2 11 377 2640 12364 441415 1 1
377 2604 12629 136693 0 0 397 3887 12404 249245 1 1 396 2030 12363 243985 0 0
401 1837 12618 106129 3 6 419 2633 12444 208173 2 3 415 1482 12308 182923 2 4
413 2679 12229 565810 6 8 403 2499 12173 626584 2 3 423 2734 12205 786057 0 0
412 3234 12289 167783 1 1 409 2371 12345 347855 0 0 400 3603 12192 427591 2 6
