"Mutations to mutants (GC1)" "Mutants (GC1)" "Mutations to Mutators (GC1)" "Mutators (GC1)" "Mutations to mutant mutators (GC1)" "Mutator_mutants (GC1)" "Mutations to mutants (GC2)" "Mutants (GC2)" "Mutations to Mutators (GC2)" "Mutators (GC2)" "Mutations to mutant mutators (GC2)" "Mutator_mutants (GC2)" "Mutations to mutants (GC3)" "Mutants (GC3)" "Mutations to Mutators (GC3)" "Mutators (GC3)" "Mutations to mutant mutators (GC3)" "Mutator_mutants (GC3)"
875 10335 85364 1128763 509 2802 875 36083 85533 1872392 366 1979 860 56902 85722 2406048 360 10035
839 8911 85773 1884141 898 10258 841 19737 85856 2841456 346 38174 805 8358 85623 3489970 350 28151
853 5740 85769 1255595 609 3552 882 12374 86094 2043149 340 8967 852 8112 86191 2655543 332 7866
877 5077 85226 1239467 628 3643 942 7204 85846 1956756 337 11772 855 4802 86254 2731112 383 11192
895 6658 85958 1009402 485 3684 884 5080 85826 1694344 355 2240 822 21201 85673 2479158 336 1762
871 9113 86436 927649 456 2785 817 8433 86208 1760185 406 3088 862 21279 86416 2474973 349 2270
803 4172 86190 1367599 673 3454 783 7735 86037 1923941 369 1520 787 10721 85937 2713353 363 2296
864 6827 85829 2715967 1309 7899 805 5046 86033 3747715 360 29809 842 7468 86236 4748664 401 25916
880 10373 85405 1022203 483 1801 872 4561 86029 1733925 411 10113 905 6766 85806 2470120 390 14938
880 9097 85934 1082068 539 9574 835 52182 85703 1851433 379 3623 868 35931 85354 2838924 365 2305
833 5584 86279 990482 494 2034 870 25823 85531 1420607 357 1284 853 78800 85966 2306352 351 3947
905 6198 85716 1399707 704 4685 884 12102 85904 1959112 374 9204 817 19623 86264 2996966 342 3596
844 10657 86319 893953 405 1881 909 9656 85876 1718860 348 3282 869 14731 85675 2374473 365 7215
816 11402 85723 893502 429 1838 893 11383 85768 1746173 388 2998 811 5191 86337 2457181 339 2053
871 6639 85619 1228667 626 2809 802 21387 85951 1638393 352 1283 868 35843 85701 2577186 388 1828
837 8040 85949 1064744 515 2089 827 8664 85978 1623012 394 2828 868 8164 85910 2294183 403 7439
910 6949 86569 1334796 638 3824 877 46433 85762 2106131 315 1112 825 29631 86109 2825728 370 1359
859 6220 85640 1734604 803 42723 894 48989 85993 2602308 373 14914 863 20713 86192 2928814 352 5101
883 6070 86141 1156451 560 27214 897 8226 85916 1716392 341 43976 834 33923 85608 2330725 396 49199
856 5203 86499 1178379 528 2542 856 12042 85927 1696965 336 5859 830 34492 85720 2598065 367 1413
871 6367 85851 1459421 707 5780 934 12033 85802 2330890 374 27705 865 17344 85917 3182615 388 2598
826 6795 85908 1006371 484 2501 867 11600 85990 1801930 355 4590 835 32265 85910 2735545 349 7508
822 6906 85642 851359 392 2593 838 6064 85935 1610045 374 1493 814 4807 85856 2645369 384 3889
855 5570 86105 838489 362 1852 885 15499 86021 1573250 449 9448 885 40170 85985 2466431 347 7410
851 8598 85746 1003312 427 2523 892 6751 86048 2012717 340 10164 873 20961 85498 2723786 365 2689
834 11579 85510 1684957 814 3103 867 59664 85911 2411728 379 2854 843 74167 85983 3105005 332 10599
894 6941 86381 835647 371 1932 861 45057 85527 1622272 363 2350 852 62475 85777 2299373 381 1883
783 6388 86252 1314928 583 4351 866 5365 85855 2276644 346 6370 837 21649 86381 3009968 378 1787
799 6202 86713 3619186 1827 15686 875 19061 85777 4761513 319 31680 855 16898 85230 5559369 352 39612
857 4207 85496 950643 409 2033 866 9214 85807 1669996 364 4777 864 7971 85758 2520673 351 1386
866 6614 85825 1051989 498 3350 853 4667 86311 1494760 357 1413 891 8043 85435 2508624 334 1708
837 6570 85391 1222554 590 4298 913 6919 86168 2054207 355 2619 899 10102 85523 2869689 386 2759
845 5207 85519 1168075 552 2823 887 17354 85862 2014297 351 2025 831 18127 85495 2634441 358 1450
884 5089 85726 1182113 567 3859 883 6492 85327 1726935 377 1607 861 7496 86109 2618870 338 1116
854 4269 85643 1026679 464 2244 813 18914 86006 1596397 364 1262 879 106548 86048 2119844 366 50866
866 14087 85872 821038 397 1817 877 28865 86200 1630134 359 2279 841 65699 85840 2387472 397 1792
867 5122 86194 888849 430 3537 889 8570 86341 1833032 351 14875 847 11108 85898 2981952 387 25283
851 13812 85841 847413 406 1500 861 28746 85956 1726716 354 2087 863 21422 85863 2707660 394 8145
868 4566 85749 1005833 496 2136 834 9530 86339 1755734 361 1232 871 9601 85930 2442038 401 3479
901 6739 86391 1211496 632 2809 922 12555 86157 2251792 395 1780 868 26682 85560 2731956 349 1412
850 5211 86521 1064793 523 1937 846 24899 85478 1940141 384 1811 845 61823 85597 2705158 317 1674
855 6763 86027 1157867 574 2436 849 4451 85772 1608662 397 3009 855 23506 85874 2201978 349 1452
866 5987 85617 984110 435 2836 898 17052 86100 1908299 380 13140 821 35193 85874 2633652 375 34548
851 5021 86361 1476683 694 4692 849 21105 86514 2471553 386 1811 927 23999 85783 2948729 362 1745
822 11376 86051 903321 405 1620 827 7108 86082 1589350 337 1393 857 12311 85489 2327466 381 4367
896 23310 86306 5342565 2607 26306 912 61897 85810 6251353 392 7853 829 11677 86052 7214488 365 6034
852 6101 85208 1009056 482 1979 859 7577 86176 1880456 396 1343 804 15680 85682 2386889 330 2094
805 8232 85858 213964333 106601 1245885 865 10195 85605 215055822 408 1274281 899 7292 85225 215580774 365 1291039
842 5324 85973 1438966 670 3160 926 7888 86051 2300481 403 13692 890 40743 86067 3147796 372 3488
859 5984 86512 999411 501 2990 884 4906 85829 1819717 360 4276 829 8855 85978 2786092 371 4222
846 5227 85432 1484843 707 4425 844 32756 85904 2143457 339 2001 906 46636 85274 2807849 401 1558
895 11312 85598 2512454 1259 12924 858 24534 86118 3091551 281 27788 821 32094 85626 3748888 307 39166
839 6757 85581 877203 417 2189 896 16110 86254 1497229 380 1323 842 23126 85739 2326022 362 3416
900 4844 85809 1027586 490 1977 838 4940 85575 1594180 348 2669 823 5413 86291 2488338 390 5222
876 24854 86661 1505069 766 4920 844 37892 85451 2330964 351 22214 873 24115 86107 3067192 293 27308
890 6756 86433 887391 408 2821 857 6833 85511 1735750 412 3548 878 15298 85648 2674573 357 1252
847 10172 85962 1891752 935 6324 849 21762 86145 3032729 356 2886 830 40419 85567 3454585 391 1800
830 5418 85983 1199563 596 4090 871 7888 85950 2065824 414 1880 896 12030 85964 2691373 442 39305
877 4912 85701 970292 452 4176 879 6822 85901 1598593 353 1592 848 28577 85999 2356281 367 2093
815 13184 85677 1607925 768 11548 886 7914 85925 2414378 328 20922 913 12876 85601 3243571 348 20262
884 8744 85665 966430 466 2301 852 17628 86317 2023997 355 1807 826 7833 86106 2830057 386 1399
875 10612 86099 1114947 535 3326 857 8764 85828 1723136 308 6496 826 7383 86141 2662389 366 3970
843 8015 85583 1068908 513 2443 866 46022 85983 2026217 370 1314 847 48812 85701 2916075 370 2850
902 8462 85892 1139150 555 2844 898 9965 86269 2190843 389 2228 851 6671 85799 2860322 386 1756
787 4894 85812 920731 432 2140 850 5892 86270 1691737 365 1618 846 6241 86300 2455351 320 1579
870 14784 85723 1559696 780 6899 851 44299 86053 2494495 359 6667 837 71316 85931 3577492 367 3139
778 8032 86072 1329860 669 7622 874 5898 85983 2090403 331 1631 856 13676 85694 3080128 336 1752
883 4743 85678 3293026 1626 13188 882 17724 85822 3710489 360 5869 841 36979 85958 4716542 381 8980
823 13817 86004 2608767 1229 10228 865 12032 86051 3123983 364 4413 819 13989 85864 3822984 332 7513
840 7516 85855 1042425 488 2669 859 43939 85445 1785587 342 22775 810 93764 85946 2392435 359 39813
872 5199 86332 872603 392 1834 889 4903 85928 1545173 370 1362 854 10269 85511 2292965 355 2329
854 5070 85843 890974 438 2156 831 7939 86227 1630247 329 1514 862 63110 85533 2359721 364 2980
874 5043 85198 1093515 565 2753 878 4995 85782 1821262 368 2647 870 17879 85454 2629123 367 5560
859 5829 86007 1508127 728 11450 831 7556 85464 2309804 364 45746 844 6306 85644 3206934 380 15935
876 4889 85943 1233259 621 5117 843 7549 86052 1758259 382 1734 927 27949 85778 2452962 399 4424
881 3940723 85839 1062905 453 1804 806 3744362 86111 1941833 361 5677 857 3682291 85763 2725506 357 1704
855 7829 86031 1268944 585 2854 837 51105 85971 1609868 365 1770 904 59980 86288 2516013 373 10179
931 6664 86240 1076035 520 3950 854 41539 85883 1964997 362 20639 866 33553 86626 2717380 331 4273
813 5021 85823 1104449 537 3444 847 24119 86139 1719848 378 1749 862 8895 85489 2797991 395 1319
883 6289 85942 867909 402 2013 866 17632 85562 1670423 344 3224 906 48283 85847 2603210 348 1390
884 5099 85893 1015064 509 2979 839 16513 86040 1619739 385 2521 851 52471 86287 2453244 388 1364
883 8479 85727 810427 410 3350 808 4934 85547 1467844 370 1633 819 4683 86054 1804682 391 1774
836 7633 85730 1205405 569 4032 844 10756 86280 2293164 399 1290 890 19584 86344 3079076 360 1516
873 7728 86005 962273 471 2162 818 10066 85442 1857407 357 1357 864 6845 86097 2795605 389 2043
853 7052 86397 820428 389 2090 871 6718 86180 1528575 361 2230 841 14673 85506 2406138 360 25022
907 5093 86104 1149608 574 2881 840 10216 86119 1764355 380 1238 890 9878 86069 2645832 361 2708
845 9360 85884 1106842 541 3097 845 36180 86125 1790607 326 1226 855 40826 85777 2337469 380 3311
837 6243 86112 1137153 553 2088 816 5263 86506 1790110 386 2077 845 6912 86211 2945341 343 9774
865 4839 86117 930645 459 2041 814 5743 86214 1663856 359 1517 824 7293 85502 2344640 348 2941
887 5922 86080 936667 417 3363 843 25216 86099 1571225 336 2685 837 38433 85962 2465647 406 1795
838 7740 86115 1460287 703 3854 846 8254 85400 2308589 366 2032 856 5443 86173 3244793 361 19783
868 5815 85739 1313765 598 4048 852 6086 85904 2013540 341 5800 865 19128 85447 2800637 331 14252
812 5598 85949 2179589 1107 59310 891 6695 86363 3028784 368 109379 860 26869 85765 3964848 350 67881
881 8595 85986 946450 455 1753 863 15373 85646 1967569 362 9785 837 9273 85907 2891471 351 35764
872 16908 85409 825365 396 1711 909 17946 86029 1571530 372 12237 828 6003 85867 2344654 376 23026
868 11567 85547 1695363 819 5310 832 15566 86128 2138693 381 5535 875 22937 86001 2923233 394 8597
850 13319 86034 1042024 519 2885 866 8758 85099 1690641 309 1422 877 17075 86106 2223560 352 1468
833 5603 85944 917251 409 2578 884 9668 86218 1796711 412 4320 851 40981 85855 2753373 381 1432
809 5248 85951 3180606 1525 10052 916 5101 86058 3796052 405 21905 840 63426 85747 4093326 392 76992
847 8510 85786 1579607 799 4189 906 24328 85901 2370472 351 2400 871 40756 85402 3159273 338 1230
885 4435 85781 925912 411 1780 878 5789 85941 1604630 341 1901 870 43477 86030 2422168 370 1301
817 8721 85968 1070866 475 3140 865 60634 86320 1781655 370 2171 871 52305 86102 2597184 363 1483
831 10381 86136 1160234 542 2479 864 6978 86069 2190569 368 1840 837 14557 86736 2695112 346 3088
931 9267 85648 794518 354 2050 823 32113 85696 1698997 410 1713 839 56530 86252 2741554 390 2257
865 7661 85865 1096989 501 2836 881 4725 85794 1938027 356 1836 862 9073 85950 3085348 362 1455
880 4304 86256 853989 401 2215 849 41068 86191 1640802 326 2100 835 38373 85413 2121724 334 1606
864 30732 85728 1325054 632 6785 899 70812 85941 1981614 348 2601 864 68175 85968 2506725 356 1465
826 5285 86008 903211 433 2936 845 7167 85826 1733076 370 1527 894 18500 86285 2481803 421 5338
809 6626 85697 882147 426 2493 826 19513 85644 1608200 340 7351 876 24134 85863 2384267 373 1505
863 4858 85539 1123108 539 2234 851 7471 86022 1793275 333 17021 894 4385 86441 2624173 377 2294
792 5942 85715 812380 367 3444 868 8146 86304 1663236 403 1464 810 5833 86048 2356369 375 5442
873 15900 85959 2212902 1126 9060 847 7428 85997 3007335 328 43269 876 16211 86100 3752940 328 59439
881 4663 85777 1391198 659 3499 862 35068 85696 2137745 358 17225 858 17168 85750 3011029 387 23110
860 6466 85925 1042029 482 2702 835 4559 85860 1768923 332 1579 860 16304 85593 2483914 416 9170
881 5877 86408 960704 462 2590 851 29377 85640 1846417 349 1069 825 40995 86317 3074622 366 1108
872 5762 86226 1495948 705 4399 911 25455 85465 2491382 394 17025 851 15618 86039 3431428 326 1261
828 17770 85504 924449 423 1609 834 59282 86330 1592154 409 1352 869 63664 86113 2461911 372 1487
868 4291 85925 1003544 477 1849 867 8304 85470 2096474 363 1489 850 6997 86049 2677393 354 1407
863 6565 85797 1485792 727 4847 873 24365 86351 2014249 351 13065 835 71494 86562 2786522 338 5102
887 5135 86475 1698336 824 4585 816 17140 85801 2337166 327 12626 899 13167 85815 3075288 379 3748
900 15270 86104 855477 435 1679 842 5435 85912 1873810 389 1754 869 8912 86010 2355192 340 1053
861 5594 85982 938062 438 2038 830 5032 85443 1698576 330 1302 939 10651 85500 2521459 376 1427
778 6285 86174 1443591 689 5779 880 10044 86161 2390148 367 6264 898 14703 85579 3244678 399 1671
869 4545 86333 1323148 636 8997 897 4813 86141 1996169 349 35049 859 6806 86262 2368249 329 1867
835 7650 85390 975904 474 4588 872 6839 86023 1726244 379 4055 806 10809 85429 2439064 390 2275
891 30943 85706 1058145 524 3066 821 42003 85572 1652458 383 1527 887 75272 86263 2689122 356 1428
833 13389 85679 1069985 510 2366 811 13848 85590 1858349 349 1403 876 42975 85375 2605576 372 1325
926 7908 85985 1032782 484 3101 856 63281 85920 1962772 362 3885 865 54433 85907 3022430 365 1925
880 5444 85910 1001048 492 2126 822 10181 85460 1825817 406 4039 822 13206 85620 2360485 317 1457
863 16553 86026 6711353 3436 24262 874 21686 86155 7377998 363 42795 857 59004 86214 7998467 309 17364
866 4822 85903 2209385 1040 6990 846 11482 85929 3399916 359 18438 878 14279 85685 4010941 357 3683
868 21133 86281 1055386 486 2011 876 29730 86016 1939800 413 3527 860 46845 85786 2520900 352 6051
891 5133 85539 1020811 486 9665 796 6415 86473 1817417 312 7283 868 8856 85921 2728315 359 6576
816 15326 86052 1216274 570 2780 829 28344 86180 2060928 360 5279 864 48842 86126 2554751 354 25751
823 3707 86147 14535654 7334 106518 895 8608 85758 14641369 361 158006 896 6987 86277 15991107 367 132997
847 21211 86018 2067449 985 5130 839 56011 85805 3093065 367 18182 898 70361 85954 3588170 312 16742
837 4829 85479 1159453 617 3015 876 25878 86384 1962279 344 4218 841 19834 85851 2617206 409 1439
846 6457 85385 969334 476 2269 814 6879 86126 1530635 338 1439 838 27481 86154 2420962 352 1407
894 12785 86477 925634 443 2002 850 19086 85684 1847440 383 23429 892 7158 85867 2748527 327 54535
866 8214 85627 921114 456 2897 870 7011 85966 1648531 337 1249 872 39799 86002 2704594 362 32238
916 6193 86055 967070 466 2640 880 21364 86453 1746599 387 18090 911 29885 86480 2595246 367 51241
841 5385 85595 963660 435 2135 845 5275 85982 1601488 372 1666 858 16454 86060 2436317 346 1278
840 7052 86070 827622 400 2924 807 4439 86023 1669256 387 1866 815 32795 85305 2606712 341 3845
879 7576 86309 987413 477 2084 851 49802 85814 1802068 375 1325 860 48100 86470 2865660 369 1572
864 9333 85565 1160821 547 4613 878 5045 85888 1925188 375 2434 896 11540 85945 2543840 397 1593
871 4995 85627 935688 456 4403 852 8691 86428 1808733 384 17218 858 37144 85633 3257560 388 13338
840 5790 86320 1650602 792 6113 880 24841 85544 2500313 358 1377 886 39923 86198 3287647 360 1632
835 6497 85731 1007307 494 3900 808 6328 85851 1814782 366 1967 872 24839 86234 2608421 381 1905
840 5280 85551 952631 438 2306 858 4891 85333 1584075 341 1497 836 12048 86081 2413132 407 2775
869 6894 85512 902559 422 1689 866 6627 85479 1659316 369 1768 857 15157 85959 2344815 347 1169
