3 0 0 0
2 0 0 0
0 0 0 0
2 0 0 0
0 0 0 0
2 0 0 0
0 0 0 0
3 0 0 0
3 0 0 0
1 0 0 0
2 8 0 0
1 0 0 0
3 0 0 0
1 0 0 0
3 0 0 0
1 0 0 0
4 0 0 0
1 0 0 0
1 0 0 0
6 0 0 0
1 0 0 0
0 0 0 0
0 0 0 0
0 0 0 0
2 0 0 0
0 0 0 0
1 0 0 0
1 0 0 0
1 1 0 0
3 0 0 0
3 0 0 0
1 0 0 0
1 0 0 0
1 1 0 0
0 0 0 0
3 0 0 0
3 0 0 0
1 0 0 0
2 0 0 0
1 2 0 0
4 0 0 0
1 0 0 0
1 1 0 0
3 0 0 0
1 0 0 0
0 0 0 0
1 0 0 0
1 1 0 0
2 0 0 0
2 0 0 0
1 0 0 0
2 0 0 0
1 1 0 0
1 0 0 0
1 0 0 0
2 0 0 0
1 74 0 0
1 1 0 0
1 0 0 0
1 0 0 0
1 0 0 0
1 1 0 0
1 0 0 0
2 0 0 0
0 0 0 0
0 0 0 0
1 6 0 0
0 0 0 0
1 0 0 0
1 0 0 0
2 0 0 0
2 0 0 0
2 0 0 0
2 0 0 0
0 0 0 0
4 0 0 0
1 0 0 0
2 0 0 0
1 1 0 0
1 0 0 0
1 47 0 0
5 0 0 0
1 0 0 0
3 0 0 0
0 0 0 0
1 1 0 0
1 0 0 0
3 0 0 0
3 0 0 0
2 0 0 0
1 0 0 0
2 0 0 0
2 0 0 0
0 0 0 0
1 0 0 0
3 0 0 0
3 0 0 0
2 0 0 0
1 0 0 0
2 0 0 0
