"Mutations_to_mutants_GC_1" "Mutants_GC_1" "Mutations_to_mutators_GC_1" "Mutators_GC_1" "Mutations_to_mutant_mutators_GC_1" "Mutant_mutators_GC_1" "Mutations_to_mutants_GC_2" "Mutants_GC_2" "Mutations_to_mutators_GC_2" "Mutators_GC_2" "Mutations_to_mutant_mutators_GC_2" "Mutant_mutators_GC_2" "Mutations_to_mutants_GC_3" "Mutants_GC_3" "Mutations_to_mutators_GC_3" "Mutators_GC_3" "Mutations_to_mutant_mutators_GC_3" "Mutant_mutators_GC_3"
870 6316 85360 1232211 99 249 891 7991 86224 1857650 70 282 842 19537 85770 3086927 85 288
880 5436 85602 1122064 108 367 860 6746 86358 1819297 96 453 849 3678 85914 2926992 72 478
891 11052 85867 2279394 235 2356 866 20514 86175 2919033 75 212 860 8554 85387 3667700 96 384
883 9293 85806 1050964 105 327 850 11498 86006 1989130 89 242 827 6348 85961 2516638 85 249
873 7953 86427 946205 98 312 876 9880 85720 1851889 59 197 807 22924 85758 2429246 72 267
887 6155 85876 1005915 93 390 842 14157 86141 1813664 71 340 835 6058 86173 2708705 73 331
831 13702 85862 1027969 98 419 873 15141 86135 1671185 78 275 847 12623 85781 2230269 63 176
889 5695 85792 1005604 99 362 880 5674 85642 1742501 74 15137 845 5456 85560 2781110 87 33203
893 5686 85857 1168900 109 696 883 7351 85979 2027682 59 251 880 6602 85599 2785190 76 329
866 5941 86408 1015433 88 331 831 8594 85922 1817781 91 484 839 6291 85451 2579408 66 401
807 7840 85659 2712983 306 3440 832 4844 85766 3569711 70 336 844 6830 85796 4638155 65 426
803 7096 85847 999044 102 288 793 9635 85988 1897965 61 473 878 20292 86210 3033502 69 162
824 5426 86462 1045586 95 365 891 12743 86070 1880067 84 1302 832 4927 86005 2301734 74 401
812 25151 85898 919969 92 419 841 41777 85761 1598189 67 162 858 64602 85605 2342389 68 328
854 6563 86048 1619933 157 561 845 8955 85812 2599547 65 174 915 47719 86293 3107093 88 836
871 7639 86077 881615 72 399 853 5427 85399 1803154 70 289 898 7550 86135 2640864 74 568
868 8371 85138 832735 78 381 884 7644 86173 1632725 65 259 851 5175 85467 2364975 72 155
864 5853 85795 939942 82 498 857 38915 85852 1870657 68 381 854 27742 85911 2616248 72 276
892 21003 85961 807925 75 417 877 9955 85553 1717508 79 344 862 15241 86009 2620962 75 459
856 8529 85841 1946558 184 758 878 5068 86266 3124003 80 6610 893 10279 85822 3917771 70 201
865 5496 86067 940909 88 274 878 6248 86444 1635290 80 320 804 23957 85842 2561204 70 370
822 4660 85835 1078772 85 286 877 8332 85781 1692961 84 250 882 8959 86321 2329081 67 171
873 6831 86130 1447534 131 544 865 19012 85699 2057240 76 262 886 95442 86366 2824486 57 199
809 8456 85722 996900 103 408 868 19505 85178 1667487 68 716 821 25045 85994 2532605 67 191
824 5065 86110 953884 83 303 803 17832 85165 1529375 71 270 850 17346 85694 2190767 83 948
865 4498 85901 1458507 127 676 910 19040 85638 2514657 62 135 863 25644 85582 3201977 77 1489
802 6011 85810 1997101 190 988 872 7046 85957 2930752 64 272 872 6251 86176 3725646 64 177
897 6034 86299 1081320 118 1741 865 12928 86071 1883831 85 640 892 5272 85676 2585942 95 307
815 13486 85858 955652 91 277 853 14385 85979 1738537 78 318 847 12402 86566 2490774 73 389
889 4411 86179 7850086 801 4019 872 14145 85941 8622510 64 17463 830 6993 85583 9710601 73 5306
854 4914 85677 1099770 105 388 859 17507 86175 1852069 89 553 883 5442 86234 2577975 70 564
888 16298 85745 1392779 130 1750 876 6433 85903 2315093 80 8849 844 11108 86256 3037118 75 9529
913 7032 85446 1644135 164 558 892 7273 86313 2163594 64 214 882 6972 86038 2791767 69 411
867 4776 85665 975263 89 267 829 7217 86616 1620629 71 168 890 17764 86613 2360051 78 243
924 13857 85960 1011132 106 820 933 41357 85612 1861211 75 190 881 30804 86252 2647236 82 321
820 7340 85779 976530 109 576 832 8239 85789 1757477 53 342 828 30009 85879 2504323 78 246
883 31078 86231 968537 90 408 889 26922 85677 1815273 75 260 863 23422 86181 2507638 72 11037
863 8003 86123 1224758 118 509 838 33174 85534 2023867 67 326 870 34896 86223 2945471 65 267
801 9846 85727 1031941 92 385 885 18750 85713 2084513 86 386 840 46933 85703 3034662 78 314
839 5810 86246 1279226 122 1875 867 12583 86098 2042750 58 344 880 15825 85971 2828362 64 322
882 7801 85943 1774616 169 1371 862 3718 86100 2506865 64 176 854 16728 85954 3208750 72 256
833 7396 85621 1083535 94 1508 856 7407 86581 1716982 62 206 837 5883 85511 2746467 56 261
831 46151 85772 1823359 175 633 864 43410 85387 2541837 65 245 835 43637 85658 3476466 80 317
924 9088 86189 1089708 101 417 813 38127 85559 1950570 79 211 861 14410 85970 2952911 92 1579
863 12090 85145 974517 97 302 852 17563 86015 1804225 78 231 836 35576 85559 2301621 92 699
871 4110 85333 980919 117 531 913 18166 85240 1788446 67 175 885 50171 86007 2641352 74 342
853 9571 85930 1030299 93 728 856 9969 85915 1917635 98 1074 828 38445 85907 2698395 62 314
854 6580 85658 907073 102 603 806 9542 85888 1667583 71 228 849 56001 85833 2498353 80 270
826 5786 85839 1189423 108 500 838 6920 86479 1772138 71 309 863 20377 85910 2473275 94 1889
881 6992 85918 2125813 181 1585 877 6825 85920 2881048 72 545 852 18069 85773 3408311 74 245
881 5603 85865 1049012 98 362 867 5743 86402 1995492 69 564 853 5326 85069 3048152 67 196
854 7391 85917 978736 97 740 843 9794 85158 1755136 85 396 842 17927 86081 2733263 79 388
877 7714 85597 1139357 104 297 875 5555 86049 1835376 68 163 904 4302 85692 2536886 79 224
838 6449 86034 807155 60 408 865 16525 86035 1547108 68 311 879 9334 85760 2287864 75 236
861 6374 85689 1088868 94 404 875 77961 86009 1686644 86 255 841 90849 86025 2592724 74 279
819 7956 86122 1184893 135 878 868 11664 86252 1966794 60 292 875 10832 86423 2625280 73 917
851 9395 86163 952383 88 340 828 11160 86375 1730532 65 287 867 25148 85936 2480951 62 475
803 14833 86041 1779805 165 521 793 4346 86010 2317707 87 313 911 8135 85472 3310996 74 975
870 6551 85818 1111678 107 457 898 34803 85997 1964567 89 361 889 40589 85482 2646928 85 312
823 12006 85885 1002973 100 284 888 8074 85626 1811214 58 213 878 6626 86119 2373594 81 1316
931 7717 86143 827200 80 201 895 17794 85880 1460330 88 303 854 12503 85749 2090473 72 664
838 4726 85737 1195752 119 2512 904 5070 86784 1997578 90 320 892 5586 85598 2968179 77 286
811 5654 86315 1635346 152 616 899 20879 85842 2507261 79 386 871 46112 86138 3157213 78 278
860 7474 85456 1067290 116 364 893 7829 86236 1850951 68 406 849 8463 86014 2464434 69 255
850 8427 85518 872008 81 391 883 9260 85822 1555066 77 303 838 26696 85643 2242494 66 155
867 6252 86396 1085385 106 639 860 9934 86198 1939249 71 214 833 14297 85833 2355677 74 373
914 6026 85626 1671153 191 935 858 30022 86445 2162913 77 1758 891 26633 85839 3013944 66 443
859 4599 85719 1656417 161 736 842 9450 86071 2305226 82 198 833 16429 85687 3144858 73 432
911 6063 86340 1037275 83 4239 849 21938 85816 1728535 95 7011 849 25697 86090 2671696 80 625
888 22630 85635 1240612 129 556 908 74823 86422 2085004 76 268 841 84104 85956 2851992 83 392
862 5918 86029 1192914 117 633 852 9125 86414 1823331 83 267 854 23982 85795 2184939 79 206
880 11544 85764 998343 100 1124 889 7913 86012 1887984 76 218 797 22653 85534 2544180 58 296
855 8543 85912 1148112 107 2169 893 18389 86085 1844510 70 287 858 23231 86140 2530079 69 198
860 6460 85903 1066611 105 2839 889 14102 85778 1682775 59 206 865 5901 86039 2371933 74 266
863 9558 85968 947349 86 317 868 28384 85456 1618125 63 250 882 34304 86250 2239704 86 551
871 9928 86129 1459977 135 987 833 12273 85654 1952135 78 267 862 15571 85182 2435800 81 506
851 12464 86195 1147876 108 871 842 11539 85663 1928340 65 204 874 83260 85905 2763539 73 186
851 12072 85446 1210886 107 861 851 6051 85955 2137488 61 187 823 19835 85591 2729174 89 285
852 6076 85808 1590211 188 873 794 18917 86214 2458595 67 338 849 46496 85886 2936189 65 255
875 6424 85295 4807456 525 3239 861 6535 85906 5880154 64 147 892 17748 85860 6479304 76 290
908 6243 86103 1083039 122 2694 834 8255 85874 1847986 68 547 833 5323 85915 2523949 80 201
909 27249 85630 901662 75 414 825 22222 85481 1556512 80 219 851 21545 85990 2276263 76 213
901 5527 86274 1222401 132 1120 811 22290 86004 1775756 62 202 879 57231 86023 2904800 71 365
876 4912 86134 1159586 114 612 861 27656 86145 1942931 66 717 882 31734 85703 2710881 70 522
838 14684 85424 813398 78 2757 849 14712 85809 1421277 64 7649 865 18855 86216 2389716 74 15826
844 7959 86027 904752 78 222 789 16435 86489 1608548 81 366 888 14907 85826 2154931 65 178
910 5597 85935 965283 97 568 736 17113 86011 1985345 66 187 819 44695 85687 3031279 80 475
885 5430 86013 876567 85 1017 819 19339 86212 1624221 79 452 854 10831 86607 2535008 82 485
882 13155 86313 2578462 255 1450 828 40108 86191 3619904 73 1206 852 79988 86009 4613500 85 8465
842 10302 86192 845862 84 283 910 5683 85765 1600693 75 314 837 7477 86358 2289890 60 182
877 5915 86242 1231211 107 755 842 4547 86096 2094727 75 501 944 5508 86200 2968404 76 233
916 7547 86288 1429532 110 450 855 7564 85579 2133867 58 143 885 18630 85807 3078092 80 649
917 9660 85881 879865 84 397 867 25395 85875 1796641 73 941 897 31082 86336 2681937 57 290
872 6795 85915 1041467 96 406 860 5444 85839 1874745 79 181 884 7074 85921 2843509 72 398
843 357590 85765 2643497 274 1614 841 255372 85626 3649202 67 8304 850 366346 85967 4164094 74 269
855 15139 85946 1049892 105 647 871 22879 85621 2093044 67 180 830 29375 85824 3043427 100 412
857 10790 86003 971224 80 280 864 8534 85655 1716743 84 227 818 11119 86068 2418927 78 331
884 5926 85771 890842 95 974 839 38465 85242 1683945 87 16154 861 11994 86170 2567402 78 308
829 6458 85638 993450 91 392 830 12820 85311 1891423 77 373 803 7508 85986 2819952 69 154
858 7256 85940 17033717 1761 15726 894 7946 86139 17495292 74 17118 848 39656 85674 17495776 87 11481
